0.215885 0.368309 0.885592 0.826079 0.0530419 0.586988 0.343925 0.647835 0.490759 0.599199 0.0438221 0.988169 0.535985 0.832068 0.858373 0.919509 0.268741 0.00643969 0.112975 0.887361 0.914564 0.126731 0.587028 0.128476 0.897328 0.155072 0.365534 0.136203 0.81388 0.822266 0.137945 0.160533 
0.689189 0.322392 0.640693 0.106459 0.538064 0.856241 0.285396 0.575448 0.928657 0.857685 0.392927 0.414032 0.679736 0.526077 0.612594 0.058411 0.800101 0.71336 0.870263 0.389896 0.943525 0.521791 0.248128 0.918627 0.701101 0.0237208 0.897319 0.630387 0.15886 0.296262 0.532655 0.269118 
0.360155 0.0648748 0.314786 0.544701 0.0297098 0.0094856 0.478397 0.769648 0.891322 0.684559 0.471158 0.362496 0.517027 0.142784 0.821818 0.106102 0.122103 0.850391 0.298116 0.525606 0.844809 0.484141 0.111314 0.773665 0.765648 0.805781 0.668799 0.446595 0.522093 0.921353 0.594048 0.859725 
0.366059 0.889382 0.238197 0.630525 0.0678515 0.286601 0.250736 0.57296 0.246587 0.872891 0.935297 0.262529 0.0303073 0.556898 0.090287 0.239127 0.107192 0.74806 0.250366 0.132135 0.218938 0.669071 0.967826 0.591488 0.73174 0.864044 0.269004 0.690284 0.980109 0.55762 0.78784 0.608083 
0.0324328 0.392413 0.283852 0.4806 0.363822 0.648439 0.762376 0.0928382 0.977411 0.222758 0.969356 0.815386 0.393982 0.441875 0.723991 0.74261 0.321335 0.0729947 0.92707 0.246041 0.285643 0.0745854 0.389722 0.839175 0.925972 0.59218 0.201859 0.800072 0.45734 0.712892 0.700698 0.431262 
0.0452653 0.516043 0.580138 0.591547 0.814971 0.694865 0.27751 0.169461 0.100521 0.896443 0.128561 0.951593 0.811375 0.561359 0.237481 0.953404 0.275699 0.839647 0.788645 0.5318 0.476373 0.285158 0.119756 0.265609 0.507372 0.631376 0.620298 0.483245 0.183569 0.638684 0.481941 0.178326 
0.0875236 0.0533239 0.869914 0.292826 0.649922 0.255128 0.448251 0.118273 0.246215 0.498956 0.929639 0.796577 0.238204 0.778336 0.722296 0.354844 0.129336 0.374903 0.618351 0.56394 0.850172 0.741015 0.500854 0.342861 0.0426387 0.44952 0.345282 0.578698 0.0400667 0.645677 0.753943 0.367005 
0.275523 0.744536 0.779237 0.648597 0.211106 0.592686 0.681938 0.677504 0.206093 0.191476 0.533314 0.695868 0.833676 0.262833 0.489648 0.719513 0.994809 0.498084 0.00327984 0.415272 0.832953 0.0234359 0.993615 0.380328 0.178653 0.417906 0.913272 0.235423 0.718464 0.999139 0.630085 0.361601 
0.313318 0.958743 0.943134 0.647118 0.449014 0.472017 0.650694 0.727539 0.788624 0.252665 0.452283 0.749817 0.3289 0.733734 0.418177 0.286283 0.345577 0.744703 0.667254 0.0737983 0.64096 0.959468 0.404961 0.847689 0.831329 0.455446 0.678161 0.587579 0.041623 0.308479 0.12746 0.1077 
0.496971 0.451737 0.801898 0.510907 0.573564 0.129602 0.685425 0.086691 0.580283 0.732888 0.486396 0.885325 0.976197 0.0615707 0.181956 0.631012 0.349604 0.536388 0.128362 0.123994 0.276339 0.493652 0.299869 0.263022 0.109385 0.679445 0.856509 0.453925 0.527013 0.016796 0.93572 0.877436 
0.74644 0.774719 0.958586 0.201422 0.626283 0.141845 0.907986 0.587146 0.234295 0.991338 0.301613 0.791177 0.588476 0.824292 0.387786 0.507208 0.992661 0.255581 0.797471 0.774595 0.821331 0.602549 0.614646 0.971719 0.499005 0.114677 0.705713 0.42849 0.769003 0.669034 0.0764015 0.22941 
0.729161 0.17722 0.833103 0.556404 0.798893 0.579661 0.729124 0.952812 0.531224 0.529384 0.173491 0.579587 0.471612 0.0894535 0.00831649 0.497874 0.566503 0.229167 0.389564 0.10512 0.212958 0.549581 0.648427 0.54304 0.0412924 0.321382 0.360478 0.233821 0.587058 0.849527 0.0242766 0.70825 
0.944372 0.11511 0.659023 0.308931 0.810468 0.39389 0.37584 0.103447 0.258734 0.0147979 0.262549 0.162404 0.708253 0.963392 0.597391 0.211159 0.664988 0.658189 0.00317746 0.392325 0.970808 0.677249 0.181776 0.474993 0.33511 0.0229575 0.542779 0.186796 0.292417 0.249739 0.887561 0.876811 
0.888587 0.834923 0.178949 0.892778 0.191302 0.808859 0.469884 0.59772 0.847489 0.289943 0.164008 0.230602 0.534076 0.178799 0.761103 0.204054 0.905968 0.356568 0.98351 0.018801 0.576093 0.451472 0.480028 0.633785 0.536536 0.436354 0.634665 0.355807 0.326234 0.430882 0.261889 0.391738 
0.0577204 0.135592 0.748686 0.109868 0.161109 0.481802 0.526552 0.648512 0.566044 0.27713 0.133356 0.948128 0.68083 0.44258 0.560544 0.955703 0.597699 0.614366 0.592576 0.1575 0.938537 0.829992 0.461358 0.297844 0.577379 0.588022 0.30214 0.227721 0.550641 0.567861 0.537414 0.816466 
0.102761 0.545318 0.692707 0.715954 0.552394 0.342989 0.400364 0.143061 0.513879 0.835471 0.755828 0.428152 0.655393 0.448574 0.404465 0.092806 0.564484 0.855476 0.895896 0.196405 0.549483 0.564351 0.327565 0.800067 0.70353 0.413965 0.569644 0.388097 0.509415 0.0214468 0.246387 0.275279 
0.913171 0.189969 0.683074 0.420592 0.11404 0.838976 0.501129 0.0697907 0.695881 0.245226 0.276667 0.303481 0.948392 0.610359 0.628744 0.445254 0.506797 0.930548 0.472785 0.751771 0.0360759 0.117813 0.292835 0.0790861 0.0798294 0.932346 0.849846 0.264609 0.451752 0.0198009 0.341337 0.280319 
0.913169 0.653832 0.356865 0.830901 0.788411 0.702324 0.507924 0.356723 0.27139 0.162629 0.275553 0.97764 0.994485 0.0152536 0.785487 0.173874 0.457327 0.373275 0.718293 0.55716 0.249208 0.306878 0.844277 0.0539326 0.500504 0.575624 0.799033 0.0555906 0.908701 0.313668 0.641268 0.239483 
0.27977 0.437323 0.297836 0.41172 0.0963132 0.177368 0.501635 0.187916 0.214231 0.307019 0.124723 0.603097 0.60609 0.980542 0.615352 0.844357 0.481256 0.0273136 0.145638 0.629212 0.021003 0.244358 0.376503 0.396814 0.329032 0.175566 0.129573 0.522547 0.821902 0.00282341 0.628079 0.410497 
0.914288 0.0456668 0.60297 0.67561 0.46487 0.647647 0.386263 0.138985 0.626283 0.426889 0.76075 0.857016 0.558515 0.319559 0.81252 0.54036 0.506052 0.733655 0.652403 0.487069 0.310011 0.793084 0.39446 0.342332 0.851566 0.0263221 0.00283973 0.694847 0.107896 0.0960602 0.441755 0.532642 
0.567743 0.571569 0.0104115 0.686795 0.940129 0.573568 0.496731 0.107344 0.671141 0.875916 0.532961 0.363185 0.695808 0.331821 0.567029 0.205878 0.60276 0.990502 0.602669 0.786045 0.660699 0.777735 0.577559 0.643598 0.086676 0.508044 0.580153 0.10323 0.97412 0.271731 0.56603 0.789339 
0.936884 0.0422828 0.889046 0.357803 0.963319 0.335061 0.000611969 0.222332 0.376501 0.594878 0.427476 0.477125 0.4698 0.495959 0.380719 0.0993229 0.873798 0.14507 0.73826 0.958834 0.215322 0.895528 0.900413 0.63365 0.493502 0.196979 0.0148558 0.0748493 0.998073 0.0913384 0.851106 0.381385 
0.905736 0.0644963 0.29228 0.206476 0.203903 0.124537 0.58115 0.866804 0.338972 0.566982 0.801687 0.781703 0.341114 0.869306 0.39963 0.297733 0.957601 0.119814 0.282783 0.311895 0.224224 0.417526 0.518258 0.769076 0.928348 0.321841 0.0413721 0.412264 0.19934 0.534262 0.200265 0.352805 
0.613556 0.442394 0.235795 0.415001 0.742419 0.860019 0.75909 0.47956 0.216895 0.714 0.764785 0.0862877 0.858504 0.844369 0.609723 0.359132 0.546313 0.460935 0.174237 0.209233 0.778575 0.401763 0.916699 0.324579 0.745871 0.653094 0.970811 0.708786 0.293356 0.414922 0.0078583 0.632969 
0.321543 0.932154 0.842124 0.792589 0.882402 0.128262 0.781223 0.561584 0.771169 0.199583 0.56399 0.11306 0.476407 0.472337 0.802215 0.306023 0.944958 0.266189 0.438738 0.885071 0.490548 0.731235 0.38839 0.5063 0.183386 0.12865 0.319003 0.868634 0.800835 0.416476 0.534787 0.719254 
0.792339 0.799201 0.791113 0.0981367 0.809553 0.259826 0.547869 0.749025 0.751208 0.516329 0.0859399 0.272088 0.72276 0.977408 0.457624 0.40475 0.00515151 0.288257 0.992192 0.0944214 0.197178 0.464255 0.786366 0.303837 0.775044 0.251299 0.760504 0.267579 0.419872 0.973255 0.762343 0.637614 
0.145018 0.476539 0.8081 0.073159 0.918955 0.388283 0.366474 0.448928 0.189364 0.893105 0.290275 0.179879 0.45421 0.542257 0.762985 0.822899 0.673972 0.686489 0.831414 0.501761 0.491057 0.846237 0.640993 0.974201 0.916877 0.654089 0.6454 0.557664 0.974686 0.448375 0.47967 0.807229 
0.943772 0.428407 0.723693 0.178334 0.305683 0.059612 0.463217 0.427269 0.51864 0.848407 0.966266 0.9916 0.262821 0.603683 0.21006 0.871575 0.109325 0.817723 0.644261 0.129528 0.965245 0.999468 0.841624 0.0634454 0.347832 0.0385385 0.284897 0.994381 0.105529 0.143397 0.120261 0.858831 
0.334039 0.630131 0.00737539 0.520316 0.1174 0.714488 0.934065 0.705829 0.0441372 0.0607068 0.0460219 0.603926 0.441342 0.0894288 0.844957 0.34803 0.0867346 0.443772 0.376286 0.484135 0.907778 0.548497 0.426784 0.953029 0.0692905 0.735438 0.0439387 0.486533 0.532124 0.907899 0.950132 0.368296 
0.309835 0.980317 0.580243 0.810566 0.583924 0.0590187 0.712191 0.985579 0.834187 0.290402 0.497466 0.576362 0.0919228 0.694169 0.428878 0.351826 0.581489 0.948005 0.503793 0.908898 0.56259 0.888812 0.00795927 0.366628 0.252488 0.77314 0.749437 0.532318 0.507465 0.328586 0.257644 0.465255 
0.169105 0.0064255 0.101403 0.788371 0.985799 0.601881 0.724334 0.147021 0.0164912 0.229797 0.430106 0.667287 0.0479199 0.206169 0.724917 0.644084 0.219611 0.571463 0.219564 0.491194 0.0794813 0.804348 0.284918 0.275328 0.986884 0.82724 0.142958 0.313327 0.653266 0.675858 0.569915 0.717886 
0.350135 0.80918 0.754924 0.642112 0.63209 0.689589 0.295057 0.491459 0.780209 0.350771 0.774415 0.507878 0.234612 0.362182 0.238337 0.892062 0.894827 0.396327 0.859322 0.397042 0.360926 0.510003 0.0328192 0.738746 0.103338 0.179062 0.460505 0.709826 0.328962 0.628104 0.78618 0.819828 
