0.541202 0.20782 0.0562044 0.760459 0.225259 0.879005 0.519854 0.159458 0.465658 0.0486179 0.890274 0.319763 0.411507 0.200141 0.868128 0.184706 0.122053 0.122743 0.683302 0.166203 0.649289 0.874117 0.859426 0.053076 0.764652 0.435251 0.446505 0.0934484 0.726319 0.684894 0.999538 0.534176 
0.364425 0.561427 0.199548 0.980259 0.90585 0.483724 0.942692 0.090394 0.151083 0.0181924 0.0453645 0.942642 0.809614 0.159758 0.613446 0.368912 0.36721 0.104937 0.00234493 0.87261 0.650443 0.782451 0.628759 0.891686 0.473761 0.105178 0.701109 0.937494 0.585192 0.636907 0.183593 0.828569 
0.00176298 0.420031 0.98447 0.425129 0.882548 0.128506 0.339975 0.0819251 0.0531381 0.377502 0.398657 0.186276 0.281707 0.767229 0.264377 0.241838 0.409951 0.364869 0.944969 0.641678 0.723659 0.294738 0.216875 0.219317 0.106079 0.998471 0.826596 0.813636 0.0219168 0.469317 0.344853 0.101434 
0.221965 0.436527 0.129038 0.0800568 0.0574201 0.142212 0.451495 0.939653 0.278319 0.141365 0.837653 0.776783 0.107801 0.593483 0.312911 0.102282 0.093417 0.691528 0.375145 0.0792623 0.969433 0.098957 0.520423 0.49237 0.0864628 0.610161 0.424897 0.962932 0.244504 0.0849201 0.68568 0.800904 
0.035559 0.476529 0.675778 0.269927 0.704771 0.615851 0.49579 0.667154 0.374153 0.266879 0.0727258 0.198966 0.223348 0.0192543 0.0473481 0.343397 0.266881 0.561046 0.76362 0.360409 0.35187 0.889059 0.503724 0.401822 0.143027 0.996742 0.965996 0.960554 0.955134 0.296804 0.979131 0.934347 
0.550973 0.637838 0.287433 0.452989 0.128902 0.886567 0.178611 0.152431 0.989104 0.335696 0.708723 0.634907 0.262322 0.334336 0.597601 0.87626 0.874908 0.638757 0.206099 0.326216 0.659862 0.389008 0.0579769 0.758691 0.804132 0.135801 0.425382 0.635012 0.624532 0.589831 0.858872 0.128398 
0.0654005 0.538867 0.104345 0.743476 0.923559 0.294373 0.473858 0.399245 0.1755 0.594596 0.948613 0.108605 0.742606 0.633522 0.621087 0.519537 0.939895 0.299358 0.187261 0.703593 0.355776 0.172986 0.927839 0.0151839 0.294337 0.730602 0.394286 0.552518 0.97645 0.0374471 0.139178 0.864564 
0.855218 0.65003 0.69668 0.501177 0.484625 0.620085 0.670691 0.284516 0.452366 0.110628 0.489258 0.930143 0.795925 0.164857 0.953849 0.408629 0.600634 0.795996 0.283761 0.0113396 0.202405 0.758213 0.687012 0.872308 0.245301 0.242181 0.773384 0.988244 0.508101 0.685076 0.307583 0.697746 
0.317785 0.808468 0.415358 0.268763 0.558958 0.6844 0.8185 0.737365 0.556299 0.636143 0.733153 0.607001 0.45838 0.0469269 0.167338 0.817998 0.440253 0.833572 0.0131435 0.605393 0.850085 0.415271 0.9612 0.576807 0.154697 0.835493 0.828236 0.0114922 0.647189 0.0388205 0.660067 0.943293 
0.395533 0.421829 0.767725 0.415724 0.48021 0.0408262 0.817836 0.391484 0.9893 0.574732 0.803328 0.902179 0.520207 0.675003 0.12407 0.287072 0.549656 0.338585 0.0046718 0.168958 0.0693684 0.249647 0.502622 0.572538 0.775483 0.575588 0.758861 0.00143513 0.0802665 0.912468 0.042253 0.870448 
0.209722 0.784326 0.763525 0.509404 0.580408 0.763593 0.441781 0.809647 0.415254 0.349079 0.829771 0.785839 0.360725 0.600711 0.863329 0.418475 0.509574 0.0460248 0.120411 0.521908 0.3826 0.505715 0.710779 0.843217 0.803698 0.195352 0.639372 0.695916 0.866637 0.863912 0.956189 0.920303 
0.453853 0.858466 0.111229 0.0111826 0.360231 0.435756 0.733572 0.267411 0.416371 0.676279 0.391766 0.292595 0.203879 0.945958 0.48781 0.00606185 0.260472 0.741986 0.512232 0.179054 0.455467 0.990063 0.470319 0.979328 0.843663 0.848736 0.364471 0.350346 0.274128 0.514251 0.406149 0.411338 
0.528669 0.703772 0.507518 0.0823274 0.528101 0.257699 0.403798 0.052579 0.220098 0.471707 0.516392 0.983709 0.821662 0.487774 0.303726 0.844133 0.836423 0.997038 0.421053 0.244441 0.54632 0.079624 0.358672 0.637032 0.933228 0.843176 0.339211 0.0169018 0.7129 0.84064 0.794738 0.667223 
0.500448 0.79072 0.508589 0.0676116 0.00022282 0.335672 0.201859 0.625485 0.344059 0.850884 0.196922 0.0294 0.420653 0.447575 0.509815 0.190751 0.385306 0.55812 0.364863 0.613659 0.297526 0.472013 0.325411 0.109283 0.626008 0.580858 0.287084 0.309296 0.839743 0.900135 0.392948 0.0701113 
0.702377 0.00620311 0.753078 0.420321 0.326271 0.947658 0.556356 0.00232193 0.0394012 0.649011 0.898387 0.800654 0.537631 0.913537 0.585575 0.74607 0.312409 0.320983 0.691634 0.24101 0.319093 0.070552 0.114997 0.165497 0.638182 0.711661 0.382608 0.335272 0.0384148 0.790359 0.28149 0.242475 
0.577442 0.660856 0.379922 0.787237 0.424717 0.229137 0.55315 0.388144 0.16618 0.680939 0.229834 0.508475 0.729465 0.6534 0.53516 0.344398 0.145642 0.848144 0.820843 0.677377 0.705123 0.0975594 0.341066 0.0559027 0.810404 0.314307 0.562062 0.015244 0.0511991 0.469193 0.455435 0.67989 
0.371173 0.813732 0.85925 0.103228 0.987286 0.116695 0.788705 0.859801 0.547619 0.963053 0.381071 0.247366 0.477884 0.967869 0.11909 0.432334 0.289905 0.608141 0.116141 0.209822 0.0394167 0.355598 0.49045 0.811931 0.0875687 0.691857 0.542794 0.701752 0.0329189 0.704564 0.474193 0.179589 
0.451589 0.231309 0.579055 0.982565 0.496935 0.649069 0.614653 0.985394 0.327943 0.430113 0.578097 0.356488 0.775585 0.00297046 0.839586 0.970956 0.938528 0.591558 0.314089 0.739414 0.201939 0.850528 0.605558 0.672663 0.689125 0.750257 0.996401 0.648199 0.846093 0.369843 0.573893 0.978512 
0.389449 0.266285 0.318559 0.100267 0.795832 0.351893 0.74123 0.307112 0.987906 0.454768 0.310466 0.106612 0.627346 0.964419 0.433801 0.279214 0.232238 0.723322 0.0312678 0.351242 0.876309 0.315425 0.805581 0.104091 0.575564 0.516097 0.117315 0.334299 0.823472 0.471179 0.239553 0.323638 
0.973621 0.502 0.211667 0.357996 0.805276 0.539325 0.14005 0.785126 0.584585 0.290833 0.654345 0.369939 0.638246 0.684458 0.5784 0.942802 0.0027533 0.720716 0.0865149 0.681415 0.837307 0.372271 0.428875 0.458771 0.96045 0.245319 0.356494 0.893107 0.143599 0.965642 0.0947117 0.39659 
0.651779 0.879202 0.662097 0.379012 0.758105 0.51404 0.551689 0.313115 0.122154 0.565307 0.153149 0.228598 0.904157 0.0343094 0.174078 0.644392 0.766012 0.114823 0.165814 0.0159609 0.419283 0.0471822 0.764356 0.729871 0.48853 0.445502 0.744251 0.684375 0.0664166 0.97535 0.632235 0.705501 
0.222059 0.827103 0.276177 0.215596 0.00281094 0.73022 0.0174461 0.871175 0.971264 0.233692 0.232404 0.585153 0.0682746 0.587009 0.672313 0.438818 0.247275 0.395949 0.900833 0.498053 0.9309 0.177165 0.128937 0.691352 0.0906644 0.816709 0.349131 0.498232 0.115644 0.766569 0.889379 0.93129 
0.861812 0.214403 0.747259 0.105242 0.913295 0.331517 0.0220777 0.288477 0.042885 0.594652 0.703966 0.291134 0.127782 0.45021 0.942469 0.891111 0.0406079 0.768093 0.745696 0.653494 0.315274 0.0397933 0.0979226 0.529298 0.632727 0.625956 0.606476 0.382835 0.653641 0.398896 0.394108 0.232669 
0.85172 0.331233 0.320152 0.829692 0.0921492 0.329592 0.118046 0.524623 0.316068 0.158965 0.901823 0.921139 0.232904 0.788687 0.82346 0.231336 0.44959 0.485353 0.521288 0.923072 0.197578 0.384077 0.0654376 0.712998 0.539288 0.772319 0.613997 0.409229 0.922572 0.89551 0.436407 0.306168 
0.671581 0.323991 0.480873 0.667644 0.314771 0.743396 0.0466954 0.177955 0.63859 0.989494 0.126966 0.972936 0.480944 0.22199 0.311502 0.834491 0.128864 0.650468 0.922929 0.657878 0.689198 0.426383 0.743582 0.907617 0.718463 0.0875823 0.88131 0.649501 0.515053 0.441949 0.844639 0.475499 
0.879926 0.949684 0.289975 0.339078 0.920482 0.0589738 0.651186 0.578622 0.289101 0.944469 0.00220576 0.469942 0.289008 0.808972 0.34181 0.343601 0.50786 0.914137 0.699406 0.999177 0.857966 0.910591 0.925662 0.330289 0.303264 0.936071 0.323579 0.531653 0.210089 0.242758 0.517011 0.966654 
0.525004 0.0804642 0.304649 0.247979 0.0583169 0.995336 0.977691 0.704867 0.556675 0.0874809 0.366043 0.867252 0.989166 0.503687 0.661495 0.63254 0.417485 0.362703 0.0242824 0.682927 0.76412 0.47999 0.727478 0.481712 0.0271178 0.0477931 0.498015 0.114645 0.641839 0.254138 0.0972506 0.805943 
0.362357 0.539846 0.356315 0.974081 0.660259 0.0117155 0.629149 0.867565 0.275447 0.509318 0.847753 0.181333 0.335622 0.405687 0.0636537 0.587808 0.656938 0.307187 0.479198 0.0490204 0.485161 0.0787364 0.520528 0.534959 0.235847 0.862406 0.0713944 0.65919 0.0583708 0.631021 0.358739 0.77242 
0.200335 0.0712324 0.343682 0.259893 0.634958 0.772663 0.664181 0.759328 0.546586 0.0188465 0.568276 0.0341246 0.451284 0.544018 0.568839 0.998503 0.395831 0.400612 0.735222 0.302188 0.108494 0.342726 0.85933 0.0545794 0.321909 0.00104869 0.852336 0.619693 0.441594 0.978182 0.12315 0.864149 
0.385715 0.0971592 0.817396 0.169405 0.875799 0.688867 0.0153735 0.726161 0.185584 0.33952 0.788928 0.197344 0.0229196 0.233406 0.352667 0.42217 0.402009 0.05117 0.0786078 0.255316 0.68809 0.535912 0.238106 0.658141 0.184176 0.393143 0.852996 0.881282 0.382788 0.623712 0.172029 0.934163 
0.165204 0.130947 0.057996 0.655346 0.78165 0.658069 0.607894 0.194264 0.802929 0.803411 0.521382 0.60782 0.766755 0.599108 0.380922 0.882703 0.436111 0.371956 0.792249 0.301431 0.350096 0.587153 0.422998 0.545655 0.373857 0.693215 0.272699 0.0565031 0.371876 0.0918367 0.829984 0.245781 
0.97026 0.590392 0.339486 0.723421 0.718 0.564933 0.122887 0.284196 0.34621 0.256894 0.789766 0.245675 0.720933 0.739371 0.385192 0.430963 0.911716 0.412475 0.711512 0.494783 0.448941 0.596017 0.26115 0.166156 0.0408403 0.0177452 0.387545 0.0614932 0.985966 0.638534 0.817046 0.772751 
