7.911363 7.735361 7.483521 5.765595 8.164315 7.693250 7.070217 6.681788 5.976178 7.509468 8.098701 7.697113 7.541451 8.048985 7.302328 8.268895 6.059868 8.326695 6.884635 6.384356 8.306272 5.797023 7.539749 7.835445 8.017803 7.724678 9.059865 8.119842 5.944856 9.585526 6.794863 8.714787 
8.259475 8.476236 8.243973 7.577335 8.802782 9.063729 8.763391 7.998523 8.330260 7.918945 9.325177 9.083227 8.990071 8.345274 8.093943 9.375560 8.071463 8.580616 6.555936 7.256265 8.577930 7.208738 8.865673 9.435247 8.220806 9.575415 9.761303 8.020474 8.586825 10.342652 8.903855 9.967529 
8.435082 7.584553 7.363407 7.350887 8.658317 8.487231 7.682528 8.053416 6.749485 7.313381 9.266035 8.635120 8.314020 7.919072 7.770542 8.940965 7.762547 7.903223 6.700963 7.114453 8.289157 6.957672 8.747152 8.386408 6.993960 8.525077 9.298870 7.634039 7.610996 9.212276 7.876320 10.957531 
7.572023 7.400838 6.891239 7.562877 8.620010 7.613812 7.290326 8.041490 6.917938 6.851109 8.445538 8.119398 7.153335 7.638722 8.306122 8.339536 6.851985 7.370265 7.137320 7.513359 7.592106 7.085392 8.195732 8.352771 7.142434 7.668395 8.976629 8.033295 7.784590 9.077172 7.776792 10.416324 
7.551991 8.162425 6.983812 7.189957 9.087581 7.917394 7.700337 7.586317 6.911683 8.342309 9.052912 8.090372 7.487570 8.910010 7.475356 8.477515 7.043607 8.419269 6.902343 7.583014 8.674918 6.593122 8.470811 8.242496 7.893000 8.831299 8.534031 7.680367 8.218645 8.687718 8.235289 9.726337 
7.134865 7.898059 6.940226 6.467266 8.358983 6.971081 7.904721 7.369100 6.937056 7.521606 7.272905 7.686991 7.789963 8.056009 6.757917 7.726647 6.911442 8.552184 6.449992 6.945352 8.405601 6.916448 7.695868 8.031754 7.936230 8.830013 8.546754 7.649971 7.012995 8.639986 7.447930 9.649169 
6.489635 7.559721 7.098952 5.781257 8.199927 7.047428 6.578909 7.144235 6.030863 7.154203 7.684814 6.361025 6.660696 8.031319 6.817427 7.161039 6.383992 6.823733 6.498569 6.347583 7.593959 5.958253 6.805263 7.204957 6.864145 8.872272 7.623948 7.294683 6.532440 8.580215 7.381244 8.615488 
8.189290 8.232716 8.233639 6.996899 10.191539 8.358398 8.442016 7.872605 6.041013 7.616481 9.137738 8.387507 8.744992 8.705589 8.602579 9.307787 7.689854 8.486321 6.935273 7.432240 8.299640 6.997245 8.392301 9.066940 7.685002 8.694530 9.864053 8.988276 7.710950 9.679688 7.834364 10.203174 
7.669859 8.946393 7.626737 7.578848 8.486299 8.263339 8.262405 8.097833 7.029545 7.570609 8.246674 8.865528 8.051854 8.118982 8.463027 8.123293 7.442653 8.562931 7.131340 8.163000 9.265197 7.400399 8.760727 9.343633 7.369244 9.744644 9.617976 9.083705 8.391012 9.217091 8.496125 10.391614 
6.494695 7.754137 6.232275 6.772303 8.517582 7.027304 8.187675 7.007759 6.343593 6.842979 8.003085 7.641122 7.943342 8.206633 6.865870 7.707892 7.228959 7.807254 7.152096 6.925622 7.812531 6.801883 8.063228 7.276351 6.583411 8.834538 8.147377 6.156621 7.325968 7.779831 7.992732 10.074215 
8.756614 9.233686 8.947235 7.774022 10.556326 8.699903 9.196286 8.788507 7.884747 8.218432 9.731068 8.652801 9.304017 10.019575 9.118041 9.019498 7.766803 9.025379 7.556083 8.346375 9.017353 7.715554 9.589226 9.286943 8.867621 10.191155 10.678091 9.586302 8.848211 11.856776 8.104062 10.981712 
6.630562 7.275349 6.880302 5.879595 8.190401 6.947402 6.734970 6.926715 6.065446 5.684850 8.207541 6.596567 6.421696 7.257763 7.175413 6.803310 6.536218 7.541521 6.465230 6.027066 7.381909 6.498926 7.239410 7.052335 5.797948 8.079209 8.588883 7.515282 7.417967 8.015244 7.274768 9.332508 
6.618416 6.999037 6.461734 6.282041 7.216107 7.805081 6.189228 6.628756 5.808357 6.438056 7.408514 6.365407 7.419332 6.736696 6.747610 7.687040 6.663311 6.594747 7.000420 6.048980 6.915685 6.151778 6.717417 6.633220 6.269419 7.977928 7.822074 6.555544 7.364836 8.530012 8.487133 8.081349 
7.714512 7.603862 6.760584 6.743920 8.254114 8.152262 8.196956 7.151675 7.037472 6.815410 8.641783 8.448795 7.856260 7.870775 7.774639 8.129020 6.836704 8.059887 6.004293 6.648885 8.569180 6.527494 8.467629 8.167187 6.871958 8.221964 8.495171 7.729819 7.876103 8.635723 8.093634 9.480064 
7.928723 8.611265 7.511920 6.577200 8.996690 7.800025 7.499465 7.085613 6.693703 8.127577 7.763852 7.359499 8.168081 8.562663 7.550200 8.522195 7.532236 8.717414 7.638102 7.021617 8.225200 6.552341 7.860368 8.066882 7.301547 8.871778 8.871451 7.328173 7.032790 9.186319 8.084024 9.614199 
6.804597 7.718855 7.280926 6.554136 8.110200 7.223496 7.833549 7.768012 7.021933 7.032008 7.943198 8.133516 7.576768 8.108945 7.202162 7.929527 6.987373 7.894101 6.265288 7.204017 7.778971 6.329441 8.153338 8.210789 7.212746 8.773790 8.831490 7.753990 7.821805 8.908971 7.810292 9.637920 
6.972604 6.979508 5.924749 5.994402 7.488500 7.195576 7.399513 6.771739 6.121788 6.633087 7.790841 6.847655 7.489900 7.548942 7.178187 8.086083 6.568789 8.019150 5.902181 6.935325 7.896725 6.309131 7.665581 6.150234 7.207843 7.974790 7.278328 6.111431 7.068500 7.668576 7.160585 8.345816 
7.596632 7.298833 6.615249 6.126862 8.964746 8.812535 8.326128 7.011771 7.020483 6.880212 8.517677 8.183006 7.975966 8.480419 8.244679 8.963833 6.491652 8.752499 7.364381 6.843744 8.768635 7.407831 8.658230 8.038652 7.953856 8.610861 8.751189 8.069593 8.128872 8.738939 8.378820 9.750300 
5.808983 5.976558 4.820204 5.158413 6.263375 5.395773 5.690802 5.440523 4.811219 5.930959 6.422196 5.587577 6.052065 7.003254 5.796353 6.314559 4.778756 6.504649 5.854158 5.407247 5.726165 4.548333 5.678770 5.190731 6.141980 6.352991 5.856043 5.224250 5.326869 7.321612 5.480373 6.457934 
7.188177 7.915584 6.892782 7.004638 7.784695 8.001410 7.058096 7.334340 7.136590 7.513329 8.966940 7.738526 7.132091 8.254546 7.575056 8.117034 6.551953 8.104855 7.489862 6.440461 8.383286 6.423956 7.654871 7.977735 8.092124 9.039811 8.271015 7.321262 7.415763 8.937847 9.136420 9.090866 
8.356029 8.512627 7.597255 7.394199 9.569847 9.202049 8.735466 9.188031 8.171864 7.317749 9.642154 8.630511 8.840211 8.822492 8.632655 9.850139 7.990170 8.919909 7.145493 7.944608 8.681585 7.686498 9.156274 8.689591 8.244134 9.431764 9.976495 8.398532 9.208704 10.360351 9.137840 11.615199 
7.046237 7.217279 7.153103 5.692996 8.596345 7.773649 6.698089 7.366894 7.591658 6.869709 8.143734 6.849674 6.632361 8.563056 7.472188 8.218884 5.405657 8.092078 7.923061 6.597625 7.612881 6.599227 7.335595 7.332314 7.386167 8.846521 8.569101 7.568316 7.284734 9.551102 8.425309 8.235747 
7.201147 7.510387 6.802298 5.997666 7.358579 6.784347 6.247187 6.686882 6.082643 7.155753 7.944510 7.028641 6.338595 7.604354 7.306197 6.530888 5.737327 7.134715 6.258551 5.991626 6.484800 6.364646 7.273815 7.594826 7.073394 7.703227 7.794440 6.959392 7.043876 8.834153 7.352642 8.011551 
8.630780 8.724676 8.266403 7.450155 8.987432 8.631476 7.930902 8.094357 6.938444 7.925467 9.133773 8.773592 8.608751 8.076182 8.430332 9.267145 8.184262 8.465534 7.138561 7.666171 8.449187 6.895544 8.745942 8.655629 8.128723 8.784825 9.499188 8.408734 8.968816 10.125634 8.953174 10.807697 
7.624204 8.688324 8.055767 7.731572 10.354555 8.449456 8.539415 8.981025 6.928619 7.287311 9.578815 8.129759 8.587162 8.977857 8.024662 9.250973 7.456090 8.360874 7.454227 7.628626 8.899840 6.897086 8.876090 8.411726 6.906973 9.670454 9.645884 9.700163 8.160864 10.154608 8.504215 10.896376 
7.822925 7.505302 7.787044 7.162502 9.378074 8.910453 7.978002 6.999217 7.257384 7.476499 8.497491 8.170369 8.537647 7.840848 8.296326 8.715873 7.173228 8.454998 7.592862 7.781396 9.011884 7.661882 8.697798 7.817805 7.471198 8.947189 9.611700 7.684507 9.348181 9.175355 8.305142 10.188476 
9.228361 8.748718 9.117974 8.479012 10.426609 9.139560 8.700947 8.964939 8.330044 8.670847 9.290917 9.132191 9.284530 10.050724 8.914646 10.115857 8.126877 9.609428 9.080770 9.027656 9.113285 7.692286 9.048326 8.973904 8.469309 10.016666 10.804284 9.182403 8.912401 11.369213 8.991943 11.398908 
7.516438 8.800154 7.524268 7.644552 8.662323 7.692970 7.845901 7.675620 6.729806 7.326591 8.640708 7.186720 7.967542 7.903583 8.161497 7.649035 7.271735 7.554204 7.325610 6.788688 8.278238 6.753705 8.396975 8.071652 8.005964 8.957972 8.837141 7.192402 7.708311 9.711548 8.630856 10.478664 
7.590422 6.990101 5.766934 6.974494 8.342182 7.475613 6.656551 6.468209 5.780027 6.389816 8.345070 7.260143 7.247832 7.577029 7.736794 7.998227 7.087238 7.093097 6.400993 6.313411 7.412603 6.178530 7.080569 7.568047 6.898362 8.032432 7.578630 7.799593 6.832088 8.478745 6.994274 9.034087 
8.061720 9.259285 7.453310 7.737809 9.490957 8.575306 9.170442 9.508909 7.290278 7.301935 8.564951 8.438635 8.915814 8.479352 8.599010 8.646202 7.591262 8.784190 6.714170 8.228692 9.369159 8.169758 9.761227 8.885401 7.061076 9.426429 9.763220 9.732740 8.194828 9.602027 8.095391 11.675394 
6.682908 6.812436 5.927928 6.249353 7.510370 7.509438 5.877264 7.354748 6.298145 6.881297 7.453811 6.693517 6.077129 7.583389 6.781077 7.575447 5.956978 7.438429 7.568524 6.574626 7.617516 6.461121 6.993596 6.871669 6.399831 7.670460 7.896703 7.683182 6.813604 7.476430 7.866433 9.347610 
7.435418 8.742656 7.510784 7.791171 9.489734 8.164926 8.594346 8.483661 7.601223 7.263720 9.032765 8.199299 8.277246 8.933835 7.811997 8.144770 7.461177 8.296760 6.796044 7.448453 8.976005 7.428855 8.387150 8.687663 7.129874 8.979019 9.210070 8.531404 8.172888 9.463084 8.743800 10.321530 
