7.91135 7.73536 7.48352 5.76559 8.16431 7.69308 7.07022 6.68174 5.97618 7.5093 8.0987 7.69711 7.54145 8.04898 7.30233 8.26889 6.05987 8.32669 6.88463 6.38434 8.30627 5.79702 7.53975 7.83545 8.0178 7.72468 9.05986 8.11984 5.94485 9.58552 6.7947 8.71478 
8.25943 8.47624 8.24393 7.57733 8.80278 9.06373 8.76339 7.99835 8.33026 7.91895 9.32518 9.08318 8.99003 8.34527 8.09394 9.37556 8.07146 8.58061 6.55593 7.25627 8.57793 7.20874 8.86567 9.43508 8.22081 9.5754 9.7613 8.02047 8.58682 10.3426 8.90385 9.96753 
8.43508 7.58455 7.36341 7.35072 8.65827 8.48723 7.68253 8.05342 6.74948 7.31337 9.26604 8.63512 8.31402 7.9189 7.7705 8.94096 7.76255 7.90322 6.70095 7.11445 8.28915 6.95767 8.74714 8.38641 6.99395 8.52508 9.29887 7.63404 7.611 9.21228 7.87632 10.9575 
7.57202 7.40084 6.89124 7.56288 8.61984 7.61381 7.29032 8.04132 6.91794 6.85111 8.44554 8.11939 7.15333 7.63872 8.30612 8.33954 6.85182 7.37026 7.13732 7.51336 7.59211 7.08539 8.19573 8.35277 7.14243 7.66822 8.97663 8.03329 7.78459 9.07716 7.77679 10.4163 
7.55182 8.16242 6.98381 7.18996 9.08754 7.91739 7.70016 7.58632 6.91168 8.34231 9.0529 8.09037 7.48757 8.91001 7.47536 8.47751 7.04361 8.41927 6.90234 7.58285 8.67492 6.59312 8.47081 8.24249 7.893 8.8313 8.53386 7.68037 8.21864 8.68772 8.23529 9.72634 
7.13487 7.89806 6.94023 6.46727 8.35897 6.97108 7.90468 7.3691 6.93706 7.52144 7.27291 7.68699 7.78996 8.05601 6.75792 7.72661 6.91144 8.55218 6.44998 6.94535 8.40543 6.91645 7.69587 8.03175 7.93606 8.83001 8.54674 7.64997 7.01283 8.63999 7.44793 9.64899 
6.48963 7.55972 7.09895 5.78126 8.19993 7.04743 6.57891 7.14424 6.03085 7.1542 7.68481 6.36102 6.6607 8.03114 6.81743 7.16104 6.38399 6.82373 6.49857 6.34758 7.59396 5.95825 6.80526 7.20496 6.86414 8.87227 7.62395 7.29468 6.53244 8.58021 7.38124 8.61549 
8.18928 8.23272 8.23364 6.9969 10.1915 8.3584 8.44202 7.87261 6.04097 7.61644 9.13774 8.38751 8.74499 8.70559 8.60258 9.30779 7.68984 8.48632 6.93527 7.43224 8.29964 6.99724 8.3923 9.06694 7.68499 8.69436 9.86405 8.98828 7.71095 9.67968 7.83436 10.2032 
7.66986 8.94639 7.62673 7.57881 8.48629 8.26334 8.2624 8.09783 7.02955 7.57061 8.24667 8.86553 8.05181 8.11898 8.46303 8.12329 7.44265 8.56293 7.13134 8.16283 9.2652 7.4004 8.76072 9.34363 7.36924 9.74464 9.61798 9.08354 8.39101 9.21709 8.49611 10.3916 
6.49469 7.75414 6.23228 6.7723 8.51757 7.0273 8.18766 7.00776 6.34355 6.84298 8.00304 7.64112 7.94334 8.20663 6.86587 7.70772 7.22896 7.80708 7.1521 6.92562 7.81253 6.80188 8.06323 7.27635 6.58341 8.83454 8.14738 6.15662 7.32596 7.77983 7.99273 10.074 
8.75661 9.23351 8.94724 7.77402 10.5563 8.6999 9.19629 8.78851 7.8847 8.21843 9.73107 8.6528 9.30402 10.0196 9.11804 9.01949 7.7668 9.02538 7.55608 8.34638 9.01735 7.71555 9.58922 9.28694 8.86745 10.1912 10.6781 9.5863 8.84821 11.8568 8.10406 10.9817 
6.63056 7.27535 6.88013 5.87959 8.19036 6.9474 6.73497 6.92671 6.06544 5.68485 8.20753 6.59656 6.42169 7.25776 7.17541 6.80331 6.53622 7.54152 6.46523 6.02702 7.38191 6.49893 7.23941 7.05233 5.79795 8.07921 8.58888 7.51528 7.41797 8.01524 7.27477 9.33251 
6.6184 6.99904 6.46156 6.28204 7.21606 7.80508 6.18922 6.62875 5.80836 6.43806 7.40851 6.36541 7.41933 6.73669 6.74761 7.68704 6.66314 6.59475 7.00042 6.04898 6.91568 6.15178 6.71742 6.63322 6.26942 7.97793 7.82207 6.55554 7.36484 8.53001 8.48709 8.08135 
7.71451 7.60386 6.76041 6.74392 8.25395 8.15226 8.19694 7.15168 7.03747 6.81541 8.64178 8.4488 7.85626 7.87077 7.77464 8.12898 6.8367 8.05989 6.00429 6.64888 8.56913 6.52749 8.46763 8.16719 6.87195 8.22196 8.49517 7.72982 7.8761 8.63572 8.09363 9.48006 
7.92872 8.61127 7.51192 6.5772 8.99669 7.80002 7.49946 7.08561 6.6937 8.12758 7.76385 7.35946 8.16807 8.56266 7.55016 8.52219 7.53223 8.71741 7.6381 7.02162 8.22503 6.55234 7.86037 8.06684 7.30155 8.87178 8.87145 7.32817 7.03279 9.18632 8.08403 9.6142 
6.8046 7.71886 7.28093 6.55414 8.1102 7.22349 7.83355 7.768 7.02193 7.03184 7.9432 8.13352 7.57677 8.10894 7.20216 7.92953 6.98737 7.8941 6.26529 7.20401 7.77897 6.3294 8.15334 8.21079 7.21275 8.77362 8.83149 7.75399 7.82181 8.90897 7.81029 9.63792 
6.9726 6.97951 5.92475 5.9944 7.4885 7.19557 7.39951 6.77174 6.12161 6.63309 7.79084 6.84766 7.4899 7.54894 7.17819 8.08604 6.56879 8.01915 5.90218 6.93528 7.89673 6.30913 7.66558 6.15023 7.20784 7.97478 7.27828 6.11143 7.0685 7.66857 7.16058 8.34582 
7.59663 7.29879 6.61508 6.12685 8.96475 8.81253 8.32613 7.01177 7.02048 6.88021 8.51767 8.18301 7.9758 8.48042 8.24451 8.96383 6.49164 8.75233 7.36438 6.84357 8.76863 7.40783 8.65823 8.03865 7.95386 8.61069 8.75119 8.06959 8.12886 8.73894 8.37882 9.7503 
5.80898 5.97655 4.8202 5.15841 6.26337 5.39577 5.6908 5.44052 4.81122 5.93096 6.42202 5.58758 6.05205 7.00325 5.79635 6.31456 4.77871 6.50465 5.85416 5.40724 5.72617 4.54816 5.67877 5.19073 6.14198 6.35299 5.85604 5.22425 5.32687 7.32157 5.4802 6.45793 
7.18818 7.91541 6.89278 7.00463 7.7847 8.00141 7.0581 7.33434 7.13659 7.51333 8.96694 7.73836 7.13209 8.25455 7.57506 8.11703 6.55194 8.10485 7.48982 6.44046 8.38328 6.42396 7.65487 7.97773 8.09212 9.03981 8.27101 7.32126 7.41559 8.93785 9.13625 9.09087 
8.35603 8.51261 7.59726 7.3942 9.56985 9.20205 8.73547 9.18803 8.17186 7.31775 9.64215 8.63051 8.84017 8.82249 8.63261 9.85014 7.99 8.91991 7.14549 7.94461 8.68158 7.6865 9.15627 8.68959 8.24413 9.43176 9.97645 8.39853 9.2087 10.3603 9.13784 11.6152 
7.04624 7.21728 7.1531 5.69282 8.59635 7.77365 6.69809 7.36673 7.59148 6.86971 8.14373 6.84967 6.63236 8.56306 7.47219 8.21888 5.40549 8.09207 7.92306 6.59762 7.61288 6.59923 7.3356 7.33231 7.38599 8.84652 8.5691 7.56832 7.28474 9.5511 8.42531 8.23575 
7.20115 7.51039 6.80213 5.99767 7.35857 6.78435 6.24719 6.68688 6.08247 7.15575 7.94434 7.02847 6.33859 7.60431 7.3062 6.53089 5.73733 7.13467 6.25855 5.99163 6.4848 6.36465 7.2738 7.59483 7.07335 7.70322 7.79444 6.95935 7.04388 8.83415 7.35264 8.01155 
8.63078 8.72468 8.26636 7.45016 8.98743 8.63148 7.9309 8.09436 6.93843 7.92547 9.13377 8.77355 8.60875 8.07618 8.43033 9.26715 8.18426 8.46553 7.13856 7.66617 8.44919 6.89554 8.74594 8.65563 8.12872 8.78465 9.49919 8.40873 8.96882 10.1256 8.95317 10.8077 
7.62403 8.68833 8.05577 7.73157 10.3544 8.44941 8.53941 8.98103 6.92862 7.28731 9.57881 8.12976 8.58716 8.97786 8.02466 9.25097 7.45609 8.36087 7.45423 7.62858 8.8998 6.89708 8.87609 8.41173 6.90697 9.67045 9.64588 9.70016 8.16085 10.1546 8.50421 10.8964 
7.82292 7.50526 7.78704 7.1625 9.37807 8.91028 7.978 6.99922 7.25738 7.4765 8.49748 8.17037 8.53765 7.84081 8.29633 8.71587 7.17323 8.45496 7.59286 7.7814 9.01188 7.66187 8.6978 7.81781 7.4712 8.94719 9.6117 7.68451 9.34818 9.17536 8.30514 10.1885 
9.22836 8.74871 9.11797 8.47901 10.4266 9.13956 8.70077 8.96494 8.33004 8.6708 9.29091 9.13219 9.28453 10.0507 8.91465 10.1157 8.12688 9.60943 9.08077 9.02766 9.11329 7.69229 9.04833 8.9739 8.46931 10.0167 10.8043 9.1824 8.9124 11.3692 8.99194 11.3989 
7.51644 8.80016 7.52427 7.64455 8.66232 7.69297 7.8459 7.67562 6.72981 7.32659 8.64071 7.18672 7.96754 7.90358 8.1615 7.64904 7.27173 7.5542 7.32561 6.78869 8.27824 6.75371 8.39697 8.07165 8.00596 8.95797 8.83714 7.1924 7.70831 9.71155 8.63086 10.4787 
7.59042 6.9901 5.76693 6.97449 8.34218 7.47561 6.65655 6.46821 5.78003 6.38982 8.34507 7.26014 7.24783 7.57703 7.73679 7.99823 7.08724 7.0931 6.40099 6.31341 7.4126 6.17853 7.08057 7.56805 6.89836 8.03243 7.57863 7.79959 6.83209 8.47874 6.99427 9.03409 
8.06172 9.25928 7.45331 7.73781 9.49096 8.57531 9.17044 9.50891 7.29028 7.30194 8.56495 8.43864 8.91581 8.47935 8.59901 8.6462 7.59126 8.78419 6.71417 8.22869 9.36916 8.16976 9.76123 8.8854 7.06108 9.42643 9.76322 9.73274 8.19483 9.60203 8.09539 11.6754 
6.68291 6.81244 5.92793 6.24935 7.51037 7.50944 5.87726 7.35475 6.29814 6.8813 7.45381 6.69352 6.07713 7.58339 6.78108 7.57545 5.95698 7.43843 7.56852 6.57463 7.61752 6.46112 6.9936 6.87167 6.39983 7.67046 7.8967 7.68318 6.8136 7.47643 7.86643 9.34761 
7.43542 8.74266 7.51079 7.79117 9.48974 8.16493 8.59435 8.48366 7.60122 7.26372 9.03276 8.1993 8.27725 8.93384 7.812 8.14477 7.46118 8.29676 6.79604 7.44845 8.976 7.42885 8.38715 8.68766 7.12987 8.97902 9.21007 8.5314 8.17289 9.46308 8.7438 10.3215 
